Genotype,Compartment,Trial,Time_ds,Time,dff0
+,gamma1,0,0.0,0.025000000000000005,0.016618216543224706
+,gamma1,0,1.0,0.09999999999999999,0.02658384608501026
+,gamma1,0,2.0,0.2,0.032407161144116146
+,gamma1,0,3.0,0.3,0.04662398609832474
+,gamma1,0,4.0,0.4,0.012991876688717619
+,gamma1,0,5.0,0.5,0.005385333958037568
+,gamma1,0,6.0,0.6,0.00383136113297855
+,gamma1,0,7.0,0.7000000000000001,-0.003573146983622174
+,gamma1,0,8.0,0.8,-0.037449028697043564
+,gamma1,0,9.0,0.9,0.0039275392875851205
+,gamma1,0,10.0,1.0,-0.0308163653935122
+,gamma1,0,11.0,1.0999999999999999,-0.007217633659753179
+,gamma1,0,12.0,1.2,-0.03505183356052788
+,gamma1,0,13.0,1.3,-0.0021939885402067296
+,gamma1,0,14.0,1.4,0.0008734292082847039
+,gamma1,0,15.0,1.5,-0.03747745871758771
+,gamma1,0,16.0,1.6,-0.00047669432053267793
+,gamma1,0,17.0,1.7,-0.05916593502840536
+,gamma1,0,18.0,1.8,0.03835205990810207
+,gamma1,0,19.0,1.9000000000000001,0.0011813202818366324
+,gamma1,0,20.0,2.0,0.052306965736872546
+,gamma1,0,21.0,2.1,
+,gamma1,0,22.0,2.2,-0.034949001571325855
+,gamma1,0,23.0,2.3000000000000003,-0.07664434872248087
+,gamma1,0,24.0,2.4,-0.011998111369539589
+,gamma1,0,25.0,2.5,-0.020044412077571905
+,gamma1,0,26.0,2.6,-0.03632029639203769
+,gamma1,0,27.0,2.6999999999999997,-0.03794927607980877
+,gamma1,0,28.0,2.8,0.01331307543146043
+,gamma1,0,29.0,2.9,-0.019678451174823437
+,gamma1,0,30.0,3.0,0.02765450856081968
+,gamma1,0,31.0,3.1,0.03031301792871947
+,gamma1,0,32.0,3.2,0.032735618615508555
+,gamma1,0,33.0,3.3000000000000003,0.03643454575651125
+,gamma1,0,34.0,3.4,0.06069079732710918
+,gamma1,0,35.0,3.5,0.07030256384722884
+,gamma1,0,36.0,3.6,0.06104466034877502
+,gamma1,0,37.0,3.6999999999999997,-0.01072904364397568
+,gamma1,0,38.0,3.8,0.01924527142030965
+,gamma1,0,39.0,3.9,-0.026692197732456457
+,gamma1,0,40.0,4.0,-0.03476148441454563
+,gamma1,0,41.0,4.1000000000000005,-0.053280315881724105
+,gamma1,0,42.0,4.2,-0.06072414211184325
+,gamma1,0,43.0,4.3,-0.020334761223554043
+,gamma1,0,44.0,4.3625,
+,gamma1,1,0.0,0.025000000000000005,0.021185272270155504
+,gamma1,1,1.0,0.09999999999999999,0.012760900833891068
+,gamma1,1,2.0,0.2,-0.003863449562897259
+,gamma1,1,3.0,0.3,0.0199860811235113
+,gamma1,1,4.0,0.4,-0.02520304529121311
+,gamma1,1,5.0,0.5,0.023517152013272202
+,gamma1,1,6.0,0.6,0.035276090029758025
+,gamma1,1,7.0,0.7000000000000001,0.03885135293672989
+,gamma1,1,8.0,0.8,0.03936277899998573
+,gamma1,1,9.0,0.9,-0.06845158438705679
+,gamma1,1,10.0,1.0,0.004407751483616962
+,gamma1,1,11.0,1.0999999999999999,-0.034625384028763584
+,gamma1,1,12.0,1.2,-0.02274073474001772
+,gamma1,1,13.0,1.3,-0.03309582537481489
+,gamma1,1,14.0,1.4,0.008181663943682315
+,gamma1,1,15.0,1.5,0.010695031291461063
+,gamma1,1,16.0,1.6,0.012393206088748322
+,gamma1,1,17.0,1.7,0.029897106342645936
+,gamma1,1,18.0,1.8,-0.01741452404433217
+,gamma1,1,19.0,1.9000000000000001,-0.053374812690070196
+,gamma1,1,20.0,2.0,-0.0270172777647677
+,gamma1,1,21.0,2.1,
+,gamma1,1,22.0,2.2,-0.05980196237763025
+,gamma1,1,23.0,2.3000000000000003,-0.028000871934242427
+,gamma1,1,24.0,2.4,-0.021073880498617782
+,gamma1,1,25.0,2.5,-0.0015242759916971327
+,gamma1,1,26.0,2.6,-0.037699947090249174
+,gamma1,1,27.0,2.6999999999999997,-0.08415476720178956
+,gamma1,1,28.0,2.8,-0.02000941064716011
+,gamma1,1,29.0,2.9,-0.01704296786079233
+,gamma1,1,30.0,3.0,-0.06710093904550544
+,gamma1,1,31.0,3.1,-0.024712213566075003
+,gamma1,1,32.0,3.2,-0.042735262760022596
+,gamma1,1,33.0,3.3000000000000003,-0.05198898535423446
+,gamma1,1,34.0,3.4,-0.05836765253747578
+,gamma1,1,35.0,3.5,-0.08613482700206261
+,gamma1,1,36.0,3.6,-0.020730212481278976
+,gamma1,1,37.0,3.6999999999999997,-0.05883660277836381
+,gamma1,1,38.0,3.8,-0.07916278545180555
+,gamma1,1,39.0,3.9,0.031070554566642983
+,gamma1,1,40.0,4.0,-0.09103799566891409
+,gamma1,1,41.0,4.1000000000000005,0.006709168768267919
+,gamma1,1,42.0,4.2,-0.03178551061207731
+,gamma1,1,43.0,4.3,0.027402188089430884
+,gamma1,1,44.0,4.3625,-0.07650161082316131
+,gamma1,2,0.0,0.025000000000000005,0.011440507178610523
+,gamma1,2,1.0,0.09999999999999999,0.008843460425812558
+,gamma1,2,2.0,0.2,0.03819803077143025
+,gamma1,2,3.0,0.3,0.0033753665747376558
+,gamma1,2,4.0,0.4,0.015869385226616295
+,gamma1,2,5.0,0.5,0.018846458545534756
+,gamma1,2,6.0,0.6,-0.02083593931487997
+,gamma1,2,7.0,0.7000000000000001,0.02704859932214713
+,gamma1,2,8.0,0.8,-0.0589398569241673
+,gamma1,2,9.0,0.9,0.08367136636824461
+,gamma1,2,10.0,1.0,-0.017061882382373363
+,gamma1,2,11.0,1.0999999999999999,0.020222416802177845
+,gamma1,2,12.0,1.2,-0.022800402661377128
+,gamma1,2,13.0,1.3,0.022422361605006807
+,gamma1,2,14.0,1.4,-0.03423574751463809
+,gamma1,2,15.0,1.5,0.02076644647363553
+,gamma1,2,16.0,1.6,-0.019373015731193655
+,gamma1,2,17.0,1.7,-0.06438611016799389
+,gamma1,2,18.0,1.8,0.0007147835099444722
+,gamma1,2,19.0,1.9000000000000001,0.003023931349015019
+,gamma1,2,20.0,2.0,0.06324940583620742
+,gamma1,2,21.0,2.1,
+,gamma1,2,22.0,2.2,0.04957619294389559
+,gamma1,2,23.0,2.3000000000000003,-0.03743281531383943
+,gamma1,2,24.0,2.4,-0.01548816735464571
+,gamma1,2,25.0,2.5,-0.03041999487738467
+,gamma1,2,26.0,2.6,-0.05052089848287187
+,gamma1,2,27.0,2.6999999999999997,-0.042416444785952044
+,gamma1,2,28.0,2.8,-0.031666100796387875
+,gamma1,2,29.0,2.9,0.016447962767721314
+,gamma1,2,30.0,3.0,0.04694698093315004
+,gamma1,2,31.0,3.1,-0.004757281360630102
+,gamma1,2,32.0,3.2,0.03138048521887274
+,gamma1,2,33.0,3.3000000000000003,0.02767999142259799
+,gamma1,2,34.0,3.4,0.052289987669984585
+,gamma1,2,35.0,3.5,0.08077847866271963
+,gamma1,2,36.0,3.6,0.03658738526235539
+,gamma1,2,37.0,3.6999999999999997,-0.009570156994255785
+,gamma1,2,38.0,3.8,-0.03729263832550036
+,gamma1,2,39.0,3.9,-0.037180655575609046
+,gamma1,2,40.0,4.0,0.025795345568044505
+,gamma1,2,41.0,4.1000000000000005,0.04613729005716297
+,gamma1,2,42.0,4.2,-0.0019358720060993484
+,gamma1,2,43.0,4.3,0.012796610337755254
+,gamma1,2,44.0,4.3625,0.04409618603432164
+,gamma1,3,0.0,0.025000000000000005,0.025991923591178967
+,gamma1,3,1.0,0.09999999999999999,0.0058871441004451075
+,gamma1,3,2.0,0.2,-0.006878051325739198
+,gamma1,3,3.0,0.3,-0.008052822650616872
+,gamma1,3,4.0,0.4,0.014070788974678816
+,gamma1,3,5.0,0.5,0.025698086722278763
+,gamma1,3,6.0,0.6,-0.026725867593866193
+,gamma1,3,7.0,0.7000000000000001,-0.02972185135520215
+,gamma1,3,8.0,0.8,-0.051053831886637015
+,gamma1,3,9.0,0.9,0.016635235844237577
+,gamma1,3,10.0,1.0,-0.013548148249774905
+,gamma1,3,11.0,1.0999999999999999,0.01917606053413982
+,gamma1,3,12.0,1.2,-0.0957170359594753
+,gamma1,3,13.0,1.3,0.0892014194481332
+,gamma1,3,14.0,1.4,0.09119778170448485
+,gamma1,3,15.0,1.5,0.054445127063019995
+,gamma1,3,16.0,1.6,0.00334055790330956
+,gamma1,3,17.0,1.7,0.013515379677384956
+,gamma1,3,18.0,1.8,-0.058491361574153425
+,gamma1,3,19.0,1.9000000000000001,-0.021151609345611406
+,gamma1,3,20.0,2.0,0.013547067967168314
+,gamma1,3,21.0,2.1,
+,gamma1,3,22.0,2.2,-0.04564377659453237
+,gamma1,3,23.0,2.3000000000000003,-0.007459387405583051
+,gamma1,3,24.0,2.4,-0.0025845761354555295
+,gamma1,3,25.0,2.5,-0.044088169641531096
+,gamma1,3,26.0,2.6,-0.03009116396885907
+,gamma1,3,27.0,2.6999999999999997,-0.01696875509420781
+,gamma1,3,28.0,2.8,-0.0014351554424045566
+,gamma1,3,29.0,2.9,-0.054153522778173015
+,gamma1,3,30.0,3.0,-0.07136660178849444
+,gamma1,3,31.0,3.1,0.030655863696566293
+,gamma1,3,32.0,3.2,-0.040363355215177886
+,gamma1,3,33.0,3.3000000000000003,0.033666251225985544
+,gamma1,3,34.0,3.4,0.02449681246412765
+,gamma1,3,35.0,3.5,0.04812475362804788
+,gamma1,3,36.0,3.6,-0.06816032301314168
+,gamma1,3,37.0,3.6999999999999997,-0.03767273133720891
+,gamma1,3,38.0,3.8,-0.040002108711647576
+,gamma1,3,39.0,3.9,-0.07074378285657053
+,gamma1,3,40.0,4.0,-0.04196908728110926
+,gamma1,3,41.0,4.1000000000000005,-0.09080535104305439
+,gamma1,3,42.0,4.2,-0.056435799830979155
+,gamma1,3,43.0,4.3,
+,gamma1,3,44.0,4.3625,
+,gamma1,4,0.0,0.025000000000000005,-0.02463306568743166
+,gamma1,4,1.0,0.09999999999999999,0.003467437673541333
+,gamma1,4,2.0,0.2,-0.01077662951469085
+,gamma1,4,3.0,0.3,-0.0262802229770549
+,gamma1,4,4.0,0.4,0.0022046170848301293
+,gamma1,4,5.0,0.5,0.02604996411427633
+,gamma1,4,6.0,0.6,0.00768306223011721
+,gamma1,4,7.0,0.7000000000000001,-0.004556963589073352
+,gamma1,4,8.0,0.8,0.003479516826998541
+,gamma1,4,9.0,0.9,-0.029615716488542037
+,gamma1,4,10.0,1.0,-0.006182707833931556
+,gamma1,4,11.0,1.0999999999999999,-0.01750087462336288
+,gamma1,4,12.0,1.2,0.017345286891047217
+,gamma1,4,13.0,1.3,0.007837895015341786
+,gamma1,4,14.0,1.4,0.0186663070373251
+,gamma1,4,15.0,1.5,-0.04361655345033988
+,gamma1,4,16.0,1.6,0.022767728688486977
+,gamma1,4,17.0,1.7,-0.010291816219111682
+,gamma1,4,18.0,1.8,0.005093730970829347
+,gamma1,4,19.0,1.9000000000000001,0.02234111495047464
+,gamma1,4,20.0,2.0,-0.00550407903060679
+,gamma1,4,21.0,2.1,
+,gamma1,4,22.0,2.2,0.052862939527193786
+,gamma1,4,23.0,2.3000000000000003,-0.019850819023225424
+,gamma1,4,24.0,2.4,-0.01086722316562012
+,gamma1,4,25.0,2.5,-0.00767009086646131
+,gamma1,4,26.0,2.6,0.023159752123417345
+,gamma1,4,27.0,2.6999999999999997,-0.023691440770197025
+,gamma1,4,28.0,2.8,-0.017913762050628446
+,gamma1,4,29.0,2.9,0.030176093124782682
+,gamma1,4,30.0,3.0,-0.03399001719735155
+,gamma1,4,31.0,3.1,0.028515209524412517
+,gamma1,4,32.0,3.2,0.027277645347475545
+,gamma1,4,33.0,3.3000000000000003,0.029920783744891006
+,gamma1,4,34.0,3.4,-0.012119062705733841
+,gamma1,4,35.0,3.5,0.03321784358628695
+,gamma1,4,36.0,3.6,0.02583802987634476
+,gamma1,4,37.0,3.6999999999999997,0.01835773957173566
+,gamma1,4,38.0,3.8,0.017328815318151048
+,gamma1,4,39.0,3.9,0.01135457582868741
+,gamma1,4,40.0,4.0,0.02666984430760455
+,gamma1,4,41.0,4.1000000000000005,-0.03502113766065568
+,gamma1,4,42.0,4.2,
+,gamma1,4,43.0,4.3,
+,gamma1,4,44.0,4.3625,
+,gamma1,5,0.0,0.025000000000000005,0.021852092502638715
+,gamma1,5,1.0,0.09999999999999999,-0.0033165362287348086
+,gamma1,5,2.0,0.2,0.007408240275355605
+,gamma1,5,3.0,0.3,-0.07970173877601335
+,gamma1,5,4.0,0.4,-0.011273628473705144
+,gamma1,5,5.0,0.5,0.006514508900014741
+,gamma1,5,6.0,0.6,0.0020804480765494347
+,gamma1,5,7.0,0.7000000000000001,-0.06334068859840229
+,gamma1,5,8.0,0.8,-0.03744842575344629
+,gamma1,5,9.0,0.9,-0.10280901933522975
+,gamma1,5,10.0,1.0,0.017481457776778186
+,gamma1,5,11.0,1.0999999999999999,0.06538545949504886
+,gamma1,5,12.0,1.2,0.06825116590501283
+,gamma1,5,13.0,1.3,0.007855105963026113
+,gamma1,5,14.0,1.4,-0.032287847811961944
+,gamma1,5,15.0,1.5,-0.03755221391316329
+,gamma1,5,16.0,1.6,0.03471317529423741
+,gamma1,5,17.0,1.7,0.002905948346891026
+,gamma1,5,18.0,1.8,0.02937673408212149
+,gamma1,5,19.0,1.9000000000000001,0.038905063745029854
+,gamma1,5,20.0,2.0,0.019199728420982
+,gamma1,5,21.0,2.1,
+,gamma1,5,22.0,2.2,-0.029984327267131794
+,gamma1,5,23.0,2.3000000000000003,-0.0006978071988381629
+,gamma1,5,24.0,2.4,-0.014416103309581124
+,gamma1,5,25.0,2.5,0.05932154016343497
+,gamma1,5,26.0,2.6,-0.026190293428587964
+,gamma1,5,27.0,2.6999999999999997,0.0001767041469254623
+,gamma1,5,28.0,2.8,0.023005294277272093
+,gamma1,5,29.0,2.9,0.006985399624656756
+,gamma1,5,30.0,3.0,0.049915257688342
+,gamma1,5,31.0,3.1,0.13660287658975157
+,gamma1,5,32.0,3.2,-0.014946576125912502
+,gamma1,5,33.0,3.3000000000000003,-0.011571538932152051
+,gamma1,5,34.0,3.4,0.004937505473203552
+,gamma1,5,35.0,3.5,0.061339643269043474
+,gamma1,5,36.0,3.6,-0.011293809504761176
+,gamma1,5,37.0,3.6999999999999997,-0.015098414359572524
+,gamma1,5,38.0,3.8,-0.06034524698879209
+,gamma1,5,39.0,3.9,0.01132432130171479
+,gamma1,5,40.0,4.0,-0.03386485123877303
+,gamma1,5,41.0,4.1000000000000005,-0.030536903117476883
+,gamma1,5,42.0,4.2,0.0025157817464735556
+,gamma1,5,43.0,4.3,
+,gamma1,5,44.0,4.3625,
+,gamma2,0,0.0,0.025000000000000005,-0.0123613111536696
+,gamma2,0,1.0,0.09999999999999999,0.036146241755048734
+,gamma2,0,2.0,0.2,0.03476455395431573
+,gamma2,0,3.0,0.3,-0.029245398597253502
+,gamma2,0,4.0,0.4,0.0015009357068186402
+,gamma2,0,5.0,0.5,-0.04468730643589321
+,gamma2,0,6.0,0.6,-0.000826898904326745
+,gamma2,0,7.0,0.7000000000000001,-0.04185244052035945
+,gamma2,0,8.0,0.8,0.017146590940551442
+,gamma2,0,9.0,0.9,-0.0162767806626124
+,gamma2,0,10.0,1.0,-0.009121975038160101
+,gamma2,0,11.0,1.0999999999999999,0.015320563341612728
+,gamma2,0,12.0,1.2,0.006229195094162798
+,gamma2,0,13.0,1.3,0.027546781860934438
+,gamma2,0,14.0,1.4,-0.007133994381583064
+,gamma2,0,15.0,1.5,-0.053389877359912886
+,gamma2,0,16.0,1.6,-0.015706232963802313
+,gamma2,0,17.0,1.7,0.05660759452948557
+,gamma2,0,18.0,1.8,0.009821583376068532
+,gamma2,0,19.0,1.9000000000000001,0.016251312238225808
+,gamma2,0,20.0,2.0,-0.022773462953521673
+,gamma2,0,21.0,2.1,
+,gamma2,0,22.0,2.2,-0.026359664573633035
+,gamma2,0,23.0,2.3000000000000003,-0.028375141504851542
+,gamma2,0,24.0,2.4,0.008580951464246289
+,gamma2,0,25.0,2.5,-0.0007028907056938113
+,gamma2,0,26.0,2.6,0.0014365944241576001
+,gamma2,0,27.0,2.6999999999999997,-0.013454288070667397
+,gamma2,0,28.0,2.8,0.003659668228919055
+,gamma2,0,29.0,2.9,-0.03276629656509152
+,gamma2,0,30.0,3.0,-0.014689145764815014
+,gamma2,0,31.0,3.1,-0.0005489115677015747
+,gamma2,0,32.0,3.2,0.023795190148854718
+,gamma2,0,33.0,3.3000000000000003,0.006868208516830232
+,gamma2,0,34.0,3.4,-0.03065980696480979
+,gamma2,0,35.0,3.5,-0.0010479689524440043
+,gamma2,0,36.0,3.6,0.011997638551193091
+,gamma2,0,37.0,3.6999999999999997,0.00806567127746538
+,gamma2,0,38.0,3.8,0.04188416434722704
+,gamma2,0,39.0,3.9,0.023536450204478587
+,gamma2,0,40.0,4.0,-0.018019219586641277
+,gamma2,0,41.0,4.1000000000000005,0.042673857354929456
+,gamma2,0,42.0,4.2,0.0007141985486399938
+,gamma2,0,43.0,4.275,
+,gamma2,1,0.0,0.025000000000000005,0.0015681296926259487
+,gamma2,1,1.0,0.09999999999999999,-0.011898881437106823
+,gamma2,1,2.0,0.2,0.014587971070880034
+,gamma2,1,3.0,0.3,0.018046418774262496
+,gamma2,1,4.0,0.4,-0.02054550313348589
+,gamma2,1,5.0,0.5,-0.048581874196034325
+,gamma2,1,6.0,0.6,0.01604705079929982
+,gamma2,1,7.0,0.7000000000000001,0.006123566861245748
+,gamma2,1,8.0,0.8,-0.013090329231870168
+,gamma2,1,9.0,0.9,-0.018443972780844642
+,gamma2,1,10.0,1.0,-0.018616141509129224
+,gamma2,1,11.0,1.0999999999999999,0.0031893293908700584
+,gamma2,1,12.0,1.2,-0.002411513616225136
+,gamma2,1,13.0,1.3,0.07015258097650645
+,gamma2,1,14.0,1.4,-0.00043190819956751003
+,gamma2,1,15.0,1.5,0.016165626149130086
+,gamma2,1,16.0,1.6,0.003399683401303366
+,gamma2,1,17.0,1.7,0.007280848877244524
+,gamma2,1,18.0,1.8,-0.02040180588750522
+,gamma2,1,19.0,1.9000000000000001,0.021359159479972096
+,gamma2,1,20.0,2.0,0.006214843083925892
+,gamma2,1,21.0,2.1,
+,gamma2,1,22.0,2.2,-0.009117050136710603
+,gamma2,1,23.0,2.3000000000000003,-0.024335894824669985
+,gamma2,1,24.0,2.4,-0.0008388829172052414
+,gamma2,1,25.0,2.5,0.0213926553415061
+,gamma2,1,26.0,2.6,-0.04735961020865968
+,gamma2,1,27.0,2.6999999999999997,0.024169462262672286
+,gamma2,1,28.0,2.8,-0.0036655986720570246
+,gamma2,1,29.0,2.9,0.022062572572185617
+,gamma2,1,30.0,3.0,0.030660960227955635
+,gamma2,1,31.0,3.1,-0.02798191935264264
+,gamma2,1,32.0,3.2,0.008771749674121443
+,gamma2,1,33.0,3.3000000000000003,0.034042367449809964
+,gamma2,1,34.0,3.4,-0.02499609825550453
+,gamma2,1,35.0,3.5,-0.02015393651215384
+,gamma2,1,36.0,3.6,0.02093577179018282
+,gamma2,1,37.0,3.6999999999999997,0.008307497033260688
+,gamma2,1,38.0,3.8,-0.0025773181308182736
+,gamma2,1,39.0,3.9,0.01939295240792808
+,gamma2,1,40.0,4.0,0.057414774752368336
+,gamma2,1,41.0,4.1000000000000005,-0.014441217327535191
+,gamma2,1,42.0,4.2,0.04415644283999229
+,gamma2,1,43.0,4.275,
+,gamma2,2,0.0,0.025000000000000005,-0.016552958362346642
+,gamma2,2,1.0,0.09999999999999999,0.027635019361974544
+,gamma2,2,2.0,0.2,0.015020897931779409
+,gamma2,2,3.0,0.3,-0.023861569491429663
+,gamma2,2,4.0,0.4,0.008791762924567648
+,gamma2,2,5.0,0.5,0.018316745240046117
+,gamma2,2,6.0,0.6,0.018654696731087793
+,gamma2,2,7.0,0.7000000000000001,0.01031363832840145
+,gamma2,2,8.0,0.8,-0.040009416706595545
+,gamma2,2,9.0,0.9,-0.0025482048258097523
+,gamma2,2,10.0,1.0,0.01651543098196908
+,gamma2,2,11.0,1.0999999999999999,0.003322198501590693
+,gamma2,2,12.0,1.2,-0.01738963438385781
+,gamma2,2,13.0,1.3,-0.03474656047716832
+,gamma2,2,14.0,1.4,0.01787215856979212
+,gamma2,2,15.0,1.5,0.0056490327967084015
+,gamma2,2,16.0,1.6,0.013779008229261836
+,gamma2,2,17.0,1.7,-0.008908036283440465
+,gamma2,2,18.0,1.8,0.00195890874889304
+,gamma2,2,19.0,1.9000000000000001,-0.03795381855962787
+,gamma2,2,20.0,2.0,0.001017238089388306
+,gamma2,2,21.0,2.1,
+,gamma2,2,22.0,2.2,0.004068644756076045
+,gamma2,2,23.0,2.3000000000000003,0.006048231159913042
+,gamma2,2,24.0,2.4,-0.04705061961703869
+,gamma2,2,25.0,2.5,-0.026158327197538817
+,gamma2,2,26.0,2.6,-0.0402407330184251
+,gamma2,2,27.0,2.6999999999999997,-0.011926632125755362
+,gamma2,2,28.0,2.8,0.01529158723285653
+,gamma2,2,29.0,2.9,0.02203257110028693
+,gamma2,2,30.0,3.0,0.01215815350523628
+,gamma2,2,31.0,3.1,-0.008331112621548842
+,gamma2,2,32.0,3.2,-0.040293230337421895
+,gamma2,2,33.0,3.3000000000000003,0.006029091512362195
+,gamma2,2,34.0,3.4,-0.005356264545064571
+,gamma2,2,35.0,3.5,-0.024353731857024424
+,gamma2,2,36.0,3.6,-0.018237794193899527
+,gamma2,2,37.0,3.6999999999999997,0.016760965317693444
+,gamma2,2,38.0,3.8,-0.013119305591713482
+,gamma2,2,39.0,3.9,0.015965302826648542
+,gamma2,2,40.0,4.0,-0.01761438853081272
+,gamma2,2,41.0,4.1000000000000005,-0.012935564975224781
+,gamma2,2,42.0,4.2,-0.008105811627520975
+,gamma2,2,43.0,4.275,0.06218481742673054
+,gamma2,3,0.0,0.025000000000000005,0.014426489199928763
+,gamma2,3,1.0,0.09999999999999999,-0.04687919249001934
+,gamma2,3,2.0,0.2,0.05462175906332654
+,gamma2,3,3.0,0.3,-0.003119827123437835
+,gamma2,3,4.0,0.4,0.007488938550239044
+,gamma2,3,5.0,0.5,0.021686555210309117
+,gamma2,3,6.0,0.6,0.025143531192689594
+,gamma2,3,7.0,0.7000000000000001,0.00655910409212183
+,gamma2,3,8.0,0.8,-0.018272496444146726
+,gamma2,3,9.0,0.9,-0.007799076169324959
+,gamma2,3,10.0,1.0,-0.021443049172198147
+,gamma2,3,11.0,1.0999999999999999,0.00166353376772251
+,gamma2,3,12.0,1.2,-0.0004554893230700241
+,gamma2,3,13.0,1.3,0.002602853971742425
+,gamma2,3,14.0,1.4,-0.02418049662391315
+,gamma2,3,15.0,1.5,0.0007276839585450556
+,gamma2,3,16.0,1.6,-0.011147775832621543
+,gamma2,3,17.0,1.7,-0.014516603786004278
+,gamma2,3,18.0,1.8,0.018279784273315735
+,gamma2,3,19.0,1.9000000000000001,-0.026964910085829314
+,gamma2,3,20.0,2.0,0.0023333199723131193
+,gamma2,3,21.0,2.1,
+,gamma2,3,22.0,2.2,-0.10191387069968194
+,gamma2,3,23.0,2.3000000000000003,0.0029498934559862486
+,gamma2,3,24.0,2.4,-0.014073318684796799
+,gamma2,3,25.0,2.5,-0.00527147192574932
+,gamma2,3,26.0,2.6,-0.0019116669989569512
+,gamma2,3,27.0,2.6999999999999997,-0.041155354596558245
+,gamma2,3,28.0,2.8,0.013660688738030724
+,gamma2,3,29.0,2.9,-0.012513029163636613
+,gamma2,3,30.0,3.0,-0.02418396701875567
+,gamma2,3,31.0,3.1,-0.09023714885315892
+,gamma2,3,32.0,3.2,-0.05337415211747012
+,gamma2,3,33.0,3.3000000000000003,0.050112559364718666
+,gamma2,3,34.0,3.4,0.011040540631990114
+,gamma2,3,35.0,3.5,0.008949049340280698
+,gamma2,3,36.0,3.6,-0.038110661521459345
+,gamma2,3,37.0,3.6999999999999997,0.047620815867848165
+,gamma2,3,38.0,3.8,-0.05219282971310426
+,gamma2,3,39.0,3.9,-0.06004818411879068
+,gamma2,3,40.0,4.0,-0.004203515752903097
+,gamma2,3,41.0,4.1000000000000005,-0.05880809636175954
+,gamma2,3,42.0,4.2,0.014900487295491732
+,gamma2,3,43.0,4.275,
+,gamma2,4,0.0,0.025000000000000005,0.0015681296926259487
+,gamma2,4,1.0,0.09999999999999999,-0.011898881437106823
+,gamma2,4,2.0,0.2,0.014587971070880034
+,gamma2,4,3.0,0.3,0.018046418774262496
+,gamma2,4,4.0,0.4,-0.02054550313348589
+,gamma2,4,5.0,0.5,-0.048581874196034325
+,gamma2,4,6.0,0.6,0.01604705079929982
+,gamma2,4,7.0,0.7000000000000001,0.006123566861245748
+,gamma2,4,8.0,0.8,-0.013090329231870168
+,gamma2,4,9.0,0.9,-0.018443972780844642
+,gamma2,4,10.0,1.0,-0.018616141509129224
+,gamma2,4,11.0,1.0999999999999999,0.0031893293908700584
+,gamma2,4,12.0,1.2,-0.002411513616225136
+,gamma2,4,13.0,1.3,0.07015258097650645
+,gamma2,4,14.0,1.4,-0.00043190819956751003
+,gamma2,4,15.0,1.5,0.016165626149130086
+,gamma2,4,16.0,1.6,0.003399683401303366
+,gamma2,4,17.0,1.7,0.007280848877244524
+,gamma2,4,18.0,1.8,-0.02040180588750522
+,gamma2,4,19.0,1.9000000000000001,0.021359159479972096
+,gamma2,4,20.0,2.0,0.006214843083925892
+,gamma2,4,21.0,2.1,
+,gamma2,4,22.0,2.2,-0.009117050136710603
+,gamma2,4,23.0,2.3000000000000003,-0.024335894824669985
+,gamma2,4,24.0,2.4,-0.0008388829172052414
+,gamma2,4,25.0,2.5,0.0213926553415061
+,gamma2,4,26.0,2.6,-0.04735961020865968
+,gamma2,4,27.0,2.6999999999999997,0.024169462262672286
+,gamma2,4,28.0,2.8,-0.0036655986720570246
+,gamma2,4,29.0,2.9,0.022062572572185617
+,gamma2,4,30.0,3.0,0.030660960227955635
+,gamma2,4,31.0,3.1,-0.02798191935264264
+,gamma2,4,32.0,3.2,0.008771749674121443
+,gamma2,4,33.0,3.3000000000000003,0.034042367449809964
+,gamma2,4,34.0,3.4,-0.02499609825550453
+,gamma2,4,35.0,3.5,-0.02015393651215384
+,gamma2,4,36.0,3.6,0.02093577179018282
+,gamma2,4,37.0,3.6999999999999997,0.008307497033260688
+,gamma2,4,38.0,3.8,-0.0025773181308182736
+,gamma2,4,39.0,3.9,0.01939295240792808
+,gamma2,4,40.0,4.0,0.057414774752368336
+,gamma2,4,41.0,4.1000000000000005,-0.014441217327535191
+,gamma2,4,42.0,4.2,0.04415644283999229
+,gamma2,4,43.0,4.275,
+,gamma2,5,0.0,0.025000000000000005,-0.007916896113852675
+,gamma2,5,1.0,0.09999999999999999,0.0004775828475233797
+,gamma2,5,2.0,0.2,0.023157439679757454
+,gamma2,5,3.0,0.3,0.03159974450591233
+,gamma2,5,4.0,0.4,0.025980829210041412
+,gamma2,5,5.0,0.5,0.0188822232456259
+,gamma2,5,6.0,0.6,0.010305590121005648
+,gamma2,5,7.0,0.7000000000000001,-0.027024368785659725
+,gamma2,5,8.0,0.8,-0.004412715795370947
+,gamma2,5,9.0,0.9,0.002332394646767192
+,gamma2,5,10.0,1.0,0.005429847176087454
+,gamma2,5,11.0,1.0999999999999999,-0.027471436652069414
+,gamma2,5,12.0,1.2,-0.023099736734210286
+,gamma2,5,13.0,1.3,0.02816252039812069
+,gamma2,5,14.0,1.4,-0.020776647337220087
+,gamma2,5,15.0,1.5,0.01495634356292134
+,gamma2,5,16.0,1.6,-0.011040133022444975
+,gamma2,5,17.0,1.7,0.008279436962728556
+,gamma2,5,18.0,1.8,-0.013885979915320678
+,gamma2,5,19.0,1.9000000000000001,-0.020208143361980995
+,gamma2,5,20.0,2.0,-0.012250335339888785
+,gamma2,5,21.0,2.1,
+,gamma2,5,22.0,2.2,-0.04874978770774474
+,gamma2,5,23.0,2.3000000000000003,0.03181807997555427
+,gamma2,5,24.0,2.4,-0.011879788857125085
+,gamma2,5,25.0,2.5,0.03397648204687161
+,gamma2,5,26.0,2.6,0.014167008855530128
+,gamma2,5,27.0,2.6999999999999997,-0.03511733686038746
+,gamma2,5,28.0,2.8,-0.03431968461129557
+,gamma2,5,29.0,2.9,-0.07802337572316527
+,gamma2,5,30.0,3.0,-0.09520034696625254
+,gamma2,5,31.0,3.1,-0.023289792562070016
+,gamma2,5,32.0,3.2,-0.06561776227665309
+,gamma2,5,33.0,3.3000000000000003,-0.07667385458223556
+,gamma2,5,34.0,3.4,-0.04948464251699676
+,gamma2,5,35.0,3.5,-0.04556208985097254
+,gamma2,5,36.0,3.6,-0.06286673535916468
+,gamma2,5,37.0,3.6999999999999997,-0.025974279145953294
+,gamma2,5,38.0,3.8,-0.02771222948430303
+,gamma2,5,39.0,3.9,-0.012574719466213987
+,gamma2,5,40.0,4.0,-0.0161017730243725
+,gamma2,5,41.0,4.1000000000000005,-0.040525818351231924
+,gamma2,5,42.0,4.2,-0.004662242046390252
+,gamma2,5,43.0,4.275,0.011941234696437375
+,gamma2,6,0.0,0.025000000000000005,-0.043299841177966036
+,gamma2,6,1.0,0.09999999999999999,-0.039898215986114795
+,gamma2,6,2.0,0.2,0.03713674279303738
+,gamma2,6,3.0,0.3,0.045970501752798786
+,gamma2,6,4.0,0.4,0.008906639933894378
+,gamma2,6,5.0,0.5,0.0133610758186082
+,gamma2,6,6.0,0.6,0.02791264349451863
+,gamma2,6,7.0,0.7000000000000001,-0.031845137703867765
+,gamma2,6,8.0,0.8,0.0018712786547478543
+,gamma2,6,9.0,0.9,0.039253446396582126
+,gamma2,6,10.0,1.0,-0.010069811045877564
+,gamma2,6,11.0,1.0999999999999999,0.011501725939985405
+,gamma2,6,12.0,1.2,-0.04451149699290964
+,gamma2,6,13.0,1.3,-0.004422805388020645
+,gamma2,6,14.0,1.4,0.06028749581819426
+,gamma2,6,15.0,1.5,-0.034403282983893425
+,gamma2,6,16.0,1.6,-0.05810383714865632
+,gamma2,6,17.0,1.7,-0.04563942049543838
+,gamma2,6,18.0,1.8,0.0037109268128024064
+,gamma2,6,19.0,1.9000000000000001,0.03798514813500494
+,gamma2,6,20.0,2.0,0.009303752739097004
+,gamma2,6,21.0,2.1,
+,gamma2,6,22.0,2.2,-0.003459268116482672
+,gamma2,6,23.0,2.3000000000000003,-0.014415271788698577
+,gamma2,6,24.0,2.4,-0.0222436273207147
+,gamma2,6,25.0,2.5,0.039278073547292326
+,gamma2,6,26.0,2.6,-0.0029531801693872596
+,gamma2,6,27.0,2.6999999999999997,-0.08722236446967095
+,gamma2,6,28.0,2.8,-0.038713650036952464
+,gamma2,6,29.0,2.9,0.03132966065556383
+,gamma2,6,30.0,3.0,-0.013433264154127978
+,gamma2,6,31.0,3.1,-0.0886291904539932
+,gamma2,6,32.0,3.2,0.003391389532337108
+,gamma2,6,33.0,3.3000000000000003,-0.07203664766297206
+,gamma2,6,34.0,3.4,-0.008800897105532623
+,gamma2,6,35.0,3.5,-0.026371753458517905
+,gamma2,6,36.0,3.6,-0.05447441081273541
+,gamma2,6,37.0,3.6999999999999997,-0.04375236507226662
+,gamma2,6,38.0,3.8,3.347753299656198e-05
+,gamma2,6,39.0,3.9,-0.06175173384760998
+,gamma2,6,40.0,4.0,-0.04217314903297278
+,gamma2,6,41.0,4.1000000000000005,-0.09598039494099848
+,gamma2,6,42.0,4.2,-0.031111248612702758
+,gamma2,6,43.0,4.275,
Chrimson,gamma1,0,0.0,0.025000000000000005,-0.07482338619876361
Chrimson,gamma1,0,1.0,0.09999999999999999,-0.06058418786356723
Chrimson,gamma1,0,2.0,0.2,-0.0816769028093497
Chrimson,gamma1,0,3.0,0.3,-0.060264476264056586
Chrimson,gamma1,0,4.0,0.4,-0.10450018570345128
Chrimson,gamma1,0,5.0,0.5,-0.11216088815882352
Chrimson,gamma1,0,6.0,0.6,-0.024801240584138927
Chrimson,gamma1,0,7.0,0.7000000000000001,0.03715130433093616
Chrimson,gamma1,0,8.0,0.8,0.0626037854111213
Chrimson,gamma1,0,9.0,0.9,0.02274365579814815
Chrimson,gamma1,0,10.0,1.0,0.08488252725831438
Chrimson,gamma1,0,11.0,1.0999999999999999,0.1170792042086078
Chrimson,gamma1,0,12.0,1.2,-0.017600510300965988
Chrimson,gamma1,0,13.0,1.3,0.033558846035359004
Chrimson,gamma1,0,14.0,1.4,-0.008353625780924667
Chrimson,gamma1,0,15.0,1.5,-0.007343612147201657
Chrimson,gamma1,0,16.0,1.6,-0.0006001038289203287
Chrimson,gamma1,0,17.0,1.7,-0.014057555736926056
Chrimson,gamma1,0,18.0,1.8,0.046913165169329155
Chrimson,gamma1,0,19.0,1.9000000000000001,0.14470159885450418
Chrimson,gamma1,0,20.0,2.0,0.18027621793038046
Chrimson,gamma1,0,21.0,2.1,0.374969581203158
Chrimson,gamma1,0,22.0,2.2,0.39115386365666777
Chrimson,gamma1,0,23.0,2.3000000000000003,0.3893737919768115
Chrimson,gamma1,0,24.0,2.4,0.3792110884233332
Chrimson,gamma1,0,25.0,2.5,0.41482352284968904
Chrimson,gamma1,0,26.0,2.6,0.4217533577130615
Chrimson,gamma1,0,27.0,2.6999999999999997,0.3548896300984062
Chrimson,gamma1,0,28.0,2.8,0.3739245024262629
Chrimson,gamma1,0,29.0,2.9,0.32036421511038654
Chrimson,gamma1,0,30.0,3.0,0.38943154633027155
Chrimson,gamma1,0,31.0,3.1,0.37875111625113395
Chrimson,gamma1,0,32.0,3.2,0.35836176682427495
Chrimson,gamma1,0,33.0,3.3000000000000003,0.4606729164268292
Chrimson,gamma1,0,34.0,3.4,0.40819552323832786
Chrimson,gamma1,0,35.0,3.5,0.3030172825175809
Chrimson,gamma1,0,36.0,3.6,0.31313392009865676
Chrimson,gamma1,0,37.0,3.6999999999999997,0.28888465471555475
Chrimson,gamma1,0,38.0,3.8,0.3486796619978029
Chrimson,gamma1,0,39.0,3.9,0.39988302165105
Chrimson,gamma1,0,40.0,4.0,0.44512118165407166
Chrimson,gamma1,0,41.0,4.075,0.362559270727528
Chrimson,gamma1,1,0.0,0.025000000000000005,-0.04510799667278842
Chrimson,gamma1,1,1.0,0.09999999999999999,-0.07178898164784575
Chrimson,gamma1,1,2.0,0.2,-0.007501440478017751
Chrimson,gamma1,1,3.0,0.3,-0.020849236154864486
Chrimson,gamma1,1,4.0,0.4,0.003492293841996652
Chrimson,gamma1,1,5.0,0.5,0.05660920121721876
Chrimson,gamma1,1,6.0,0.6,0.05393055366847595
Chrimson,gamma1,1,7.0,0.7000000000000001,-0.0155219652801305
Chrimson,gamma1,1,8.0,0.8,-0.05535437128592859
Chrimson,gamma1,1,9.0,0.9,-0.012495199040563584
Chrimson,gamma1,1,10.0,1.0,-0.04301198133852528
Chrimson,gamma1,1,11.0,1.0999999999999999,0.10086652848423909
Chrimson,gamma1,1,12.0,1.2,-0.11373363229750247
Chrimson,gamma1,1,13.0,1.3,-0.03448185621511272
Chrimson,gamma1,1,14.0,1.4,0.0033437956591975348
Chrimson,gamma1,1,15.0,1.5,0.0155165893213276
Chrimson,gamma1,1,16.0,1.6,0.06972978655972799
Chrimson,gamma1,1,17.0,1.7,0.05968871271297135
Chrimson,gamma1,1,18.0,1.8,0.0628428790328633
Chrimson,gamma1,1,19.0,1.9000000000000001,0.023193052760015005
Chrimson,gamma1,1,20.0,2.0,0.09424659310022096
Chrimson,gamma1,1,21.0,2.1,0.2741590390179487
Chrimson,gamma1,1,22.0,2.2,0.4714587557708513
Chrimson,gamma1,1,23.0,2.3000000000000003,0.747267757692148
Chrimson,gamma1,1,24.0,2.4,0.803525036474106
Chrimson,gamma1,1,25.0,2.5,1.0531902435679574
Chrimson,gamma1,1,26.0,2.6,1.152108697018215
Chrimson,gamma1,1,27.0,2.6999999999999997,1.2569492255398826
Chrimson,gamma1,1,28.0,2.8,1.1660091006867894
Chrimson,gamma1,1,29.0,2.9,1.0889921005357046
Chrimson,gamma1,1,30.0,3.0,1.1886611595547556
Chrimson,gamma1,1,31.0,3.1,1.2372224997265115
Chrimson,gamma1,1,32.0,3.2,0.9672211562439765
Chrimson,gamma1,1,33.0,3.3000000000000003,0.9589466427466936
Chrimson,gamma1,1,34.0,3.4,0.988519690691675
Chrimson,gamma1,1,35.0,3.5,0.7415104101131323
Chrimson,gamma1,1,36.0,3.6,0.6006400028239003
Chrimson,gamma1,1,37.0,3.6999999999999997,0.5832259536278926
Chrimson,gamma1,1,38.0,3.8,0.44047862668393706
Chrimson,gamma1,1,39.0,3.9,0.30515296301801903
Chrimson,gamma1,1,40.0,4.0,0.3709151398309711
Chrimson,gamma1,1,41.0,4.075,
Chrimson,gamma1,2,0.0,0.025000000000000005,-0.05952643715582676
Chrimson,gamma1,2,1.0,0.09999999999999999,-0.03612046289348514
Chrimson,gamma1,2,2.0,0.2,-0.011338402490653076
Chrimson,gamma1,2,3.0,0.3,-0.05744979807108663
Chrimson,gamma1,2,4.0,0.4,-0.011083201060962167
Chrimson,gamma1,2,5.0,0.5,-0.07781587295034491
Chrimson,gamma1,2,6.0,0.6,0.0015567756331425597
Chrimson,gamma1,2,7.0,0.7000000000000001,-0.06661328077935243
Chrimson,gamma1,2,8.0,0.8,0.05676660257701873
Chrimson,gamma1,2,9.0,0.9,-0.011169519191592961
Chrimson,gamma1,2,10.0,1.0,-0.030790005580185475
Chrimson,gamma1,2,11.0,1.0999999999999999,-0.07062895033478349
Chrimson,gamma1,2,12.0,1.2,0.012841932972564463
Chrimson,gamma1,2,13.0,1.3,0.061437789530283414
Chrimson,gamma1,2,14.0,1.4,0.038936279158464204
Chrimson,gamma1,2,15.0,1.5,-0.025424520619673225
Chrimson,gamma1,2,16.0,1.6,0.07648091302064461
Chrimson,gamma1,2,17.0,1.7,-0.0012804637910685719
Chrimson,gamma1,2,18.0,1.8,0.010698991555600768
Chrimson,gamma1,2,19.0,1.9000000000000001,0.09116125016487657
Chrimson,gamma1,2,20.0,2.0,0.010492578634527173
Chrimson,gamma1,2,21.0,2.1,-0.02078335736401919
Chrimson,gamma1,2,22.0,2.2,0.07946076500850663
Chrimson,gamma1,2,23.0,2.3000000000000003,0.15061442637106492
Chrimson,gamma1,2,24.0,2.4,0.18557201828912334
Chrimson,gamma1,2,25.0,2.5,0.21315754145635446
Chrimson,gamma1,2,26.0,2.6,0.24842287627492263
Chrimson,gamma1,2,27.0,2.6999999999999997,0.2028431503396786
Chrimson,gamma1,2,28.0,2.8,0.17857649674583018
Chrimson,gamma1,2,29.0,2.9,0.24605851008808002
Chrimson,gamma1,2,30.0,3.0,0.14730306272208468
Chrimson,gamma1,2,31.0,3.1,0.08663267577526257
Chrimson,gamma1,2,32.0,3.2,0.15593487578516108
Chrimson,gamma1,2,33.0,3.3000000000000003,0.1315869080102837
Chrimson,gamma1,2,34.0,3.4,0.2009366455413991
Chrimson,gamma1,2,35.0,3.5,0.23895290165354766
Chrimson,gamma1,2,36.0,3.6,0.20331227061484566
Chrimson,gamma1,2,37.0,3.6999999999999997,0.2803793494193115
Chrimson,gamma1,2,38.0,3.8,0.20316215212679226
Chrimson,gamma1,2,39.0,3.9,0.24955501987232606
Chrimson,gamma1,2,40.0,4.0,0.17623089536999426
Chrimson,gamma1,2,41.0,4.075,
Chrimson,gamma1,3,0.0,0.025000000000000005,0.07930538978034418
Chrimson,gamma1,3,1.0,0.09999999999999999,-0.0318109156457362
Chrimson,gamma1,3,2.0,0.2,-0.033463248254958056
Chrimson,gamma1,3,3.0,0.3,0.06007981890636349
Chrimson,gamma1,3,4.0,0.4,-0.03254016143750795
Chrimson,gamma1,3,5.0,0.5,0.10735108762199823
Chrimson,gamma1,3,6.0,0.6,-0.003749364634695884
Chrimson,gamma1,3,7.0,0.7000000000000001,0.07872530790052583
Chrimson,gamma1,3,8.0,0.8,0.07661755697075101
Chrimson,gamma1,3,9.0,0.9,0.06932149605999187
Chrimson,gamma1,3,10.0,1.0,0.0012227657637474466
Chrimson,gamma1,3,11.0,1.0999999999999999,0.026687279389861707
Chrimson,gamma1,3,12.0,1.2,-0.07485515292408573
Chrimson,gamma1,3,13.0,1.3,-0.036098477366132954
Chrimson,gamma1,3,14.0,1.4,0.01783400488619884
Chrimson,gamma1,3,15.0,1.5,-0.03610568335221768
Chrimson,gamma1,3,16.0,1.6,-0.03735015714904544
Chrimson,gamma1,3,17.0,1.7,-0.05957197703704464
Chrimson,gamma1,3,18.0,1.8,0.0038904218123035016
Chrimson,gamma1,3,19.0,1.9000000000000001,-0.10714229417519446
Chrimson,gamma1,3,20.0,2.0,-0.021951685484649118
Chrimson,gamma1,3,21.0,2.1,-0.02012280621635217
Chrimson,gamma1,3,22.0,2.2,-0.1249007262823302
Chrimson,gamma1,3,23.0,2.3000000000000003,-0.1178215655527205
Chrimson,gamma1,3,24.0,2.4,-0.14744825674135778
Chrimson,gamma1,3,25.0,2.5,-0.10426710572739895
Chrimson,gamma1,3,26.0,2.6,-0.02223488073777786
Chrimson,gamma1,3,27.0,2.6999999999999997,-0.060858245553163624
Chrimson,gamma1,3,28.0,2.8,0.004938892787627447
Chrimson,gamma1,3,29.0,2.9,0.21192796067621308
Chrimson,gamma1,3,30.0,3.0,0.3381516159288681
Chrimson,gamma1,3,31.0,3.1,0.45008940376860435
Chrimson,gamma1,3,32.0,3.2,0.5676305663878038
Chrimson,gamma1,3,33.0,3.3000000000000003,0.7692857633764941
Chrimson,gamma1,3,34.0,3.4,0.8543127961829168
Chrimson,gamma1,3,35.0,3.5,1.0418702019954995
Chrimson,gamma1,3,36.0,3.6,1.034710334221741
Chrimson,gamma1,3,37.0,3.6999999999999997,1.0712778312071618
Chrimson,gamma1,3,38.0,3.8,1.2486092221669458
Chrimson,gamma1,3,39.0,3.9,1.2233925944621453
Chrimson,gamma1,3,40.0,4.0,1.2160871657694758
Chrimson,gamma1,3,41.0,4.075,1.0915266521051699
Chrimson,gamma1,4,0.0,0.025000000000000005,0.09819448399571991
Chrimson,gamma1,4,1.0,0.09999999999999999,0.006531406767570543
Chrimson,gamma1,4,2.0,0.2,0.05532609683797838
Chrimson,gamma1,4,3.0,0.3,0.016488851490496097
Chrimson,gamma1,4,4.0,0.4,0.05983745077998459
Chrimson,gamma1,4,5.0,0.5,0.0028994903476714886
Chrimson,gamma1,4,6.0,0.6,0.018279479045650682
Chrimson,gamma1,4,7.0,0.7000000000000001,-0.011849372599148422
Chrimson,gamma1,4,8.0,0.8,0.026413830162909813
Chrimson,gamma1,4,9.0,0.9,0.015250860333615038
Chrimson,gamma1,4,10.0,1.0,-0.019246637338852346
Chrimson,gamma1,4,11.0,1.0999999999999999,-0.022247428007592163
Chrimson,gamma1,4,12.0,1.2,-0.011468699237652081
Chrimson,gamma1,4,13.0,1.3,-0.0011801721534626293
Chrimson,gamma1,4,14.0,1.4,-0.04057790283450695
Chrimson,gamma1,4,15.0,1.5,-0.03754571642461283
Chrimson,gamma1,4,16.0,1.6,-0.027454839801781428
Chrimson,gamma1,4,17.0,1.7,-0.018875953531359697
Chrimson,gamma1,4,18.0,1.8,-0.05536422660884053
Chrimson,gamma1,4,19.0,1.9000000000000001,-0.022407974411222293
Chrimson,gamma1,4,20.0,2.0,-0.07308105740410249
Chrimson,gamma1,4,21.0,2.1,-0.030817038263581842
Chrimson,gamma1,4,22.0,2.2,-0.068248610654836
Chrimson,gamma1,4,23.0,2.3000000000000003,-0.031780316685362485
Chrimson,gamma1,4,24.0,2.4,-0.055586850955207635
Chrimson,gamma1,4,25.0,2.5,-0.05966544314698422
Chrimson,gamma1,4,26.0,2.6,-0.044204110937832476
Chrimson,gamma1,4,27.0,2.6999999999999997,0.009085878434218523
Chrimson,gamma1,4,28.0,2.8,0.017738972820095934
Chrimson,gamma1,4,29.0,2.9,0.02575416282888295
Chrimson,gamma1,4,30.0,3.0,0.04588810892324269
Chrimson,gamma1,4,31.0,3.1,0.005329092589273869
Chrimson,gamma1,4,32.0,3.2,0.053417735253495024
Chrimson,gamma1,4,33.0,3.3000000000000003,-0.010402671117548187
Chrimson,gamma1,4,34.0,3.4,0.09286933817220189
Chrimson,gamma1,4,35.0,3.5,0.0658907637364116
Chrimson,gamma1,4,36.0,3.6,0.11241211673141702
Chrimson,gamma1,4,37.0,3.6999999999999997,0.025035271710405798
Chrimson,gamma1,4,38.0,3.8,0.0452726810426606
Chrimson,gamma1,4,39.0,3.9,0.03222775059303484
Chrimson,gamma1,4,40.0,4.0,
Chrimson,gamma1,4,41.0,4.075,
Chrimson,gamma1,5,0.0,0.025000000000000005,0.028907852666666668
Chrimson,gamma1,5,1.0,0.09999999999999999,-0.02656441966666667
Chrimson,gamma1,5,2.0,0.2,-0.0313326394
Chrimson,gamma1,5,3.0,0.3,0.016315024
Chrimson,gamma1,5,4.0,0.4,-0.0303689506
Chrimson,gamma1,5,5.0,0.5,-0.025334958333333334
Chrimson,gamma1,5,6.0,0.6,-0.0032161546
Chrimson,gamma1,5,7.0,0.7000000000000001,-0.011402800999999999
Chrimson,gamma1,5,8.0,0.8,-0.0363300092
Chrimson,gamma1,5,9.0,0.9,-0.004193446000000001
Chrimson,gamma1,5,10.0,1.0,-0.04318569800000001
Chrimson,gamma1,5,11.0,1.0999999999999999,0.02948334566666667
Chrimson,gamma1,5,12.0,1.2,0.028921455199999994
Chrimson,gamma1,5,13.0,1.3,0.029300233999999998
Chrimson,gamma1,5,14.0,1.4,0.039817103
Chrimson,gamma1,5,15.0,1.5,-0.015059796
Chrimson,gamma1,5,16.0,1.6,-0.0021425988000000006
Chrimson,gamma1,5,17.0,1.7,0.07730679566666666
Chrimson,gamma1,5,18.0,1.8,-0.0293738708
Chrimson,gamma1,5,19.0,1.9000000000000001,0.058420169
Chrimson,gamma1,5,20.0,2.0,0.00659965968
Chrimson,gamma1,5,21.0,2.1,0.05811149566666667
Chrimson,gamma1,5,22.0,2.2,0.010856213599999998
Chrimson,gamma1,5,23.0,2.3000000000000003,-0.020485123666666664
Chrimson,gamma1,5,24.0,2.4,0.029640298
Chrimson,gamma1,5,25.0,2.5,0.07221106866666667
Chrimson,gamma1,5,26.0,2.6,0.2754845374
Chrimson,gamma1,5,27.0,2.6999999999999997,0.23689617633333335
Chrimson,gamma1,5,28.0,2.8,0.35989677220000005
Chrimson,gamma1,5,29.0,2.9,0.3567085423333333
Chrimson,gamma1,5,30.0,3.0,0.4190898672
Chrimson,gamma1,5,31.0,3.1,0.4708915423333333
Chrimson,gamma1,5,32.0,3.2,0.4691263492
Chrimson,gamma1,5,33.0,3.3000000000000003,0.48382443466666664
Chrimson,gamma1,5,34.0,3.4,0.3503509166
Chrimson,gamma1,5,35.0,3.5,0.3395379303333333
Chrimson,gamma1,5,36.0,3.6,0.3734166674
Chrimson,gamma1,5,37.0,3.6999999999999997,0.16741850233333333
Chrimson,gamma1,5,38.0,3.8,0.2861698686
Chrimson,gamma1,5,39.0,3.9,0.362991877
Chrimson,gamma1,5,40.0,4.0,0.3033969834
Chrimson,gamma1,5,41.0,4.075,0.324962268
Chrimson,gamma2,0,0.0,0.025000000000000005,0.009016682224728179
Chrimson,gamma2,0,1.0,0.09999999999999999,0.039460602990424754
Chrimson,gamma2,0,2.0,0.2,0.1025771762668155
Chrimson,gamma2,0,3.0,0.3,0.0500540146663376
Chrimson,gamma2,0,4.0,0.4,0.04206294785782052
Chrimson,gamma2,0,5.0,0.5,-0.031292382063692115
Chrimson,gamma2,0,6.0,0.6,-0.004309006604959054
Chrimson,gamma2,0,7.0,0.7000000000000001,-0.046835705218900014
Chrimson,gamma2,0,8.0,0.8,-0.0197066761295291
Chrimson,gamma2,0,9.0,0.9,0.014267148814863129
Chrimson,gamma2,0,10.0,1.0,0.035235260524493175
Chrimson,gamma2,0,11.0,1.0999999999999999,-0.04965861129840454
Chrimson,gamma2,0,12.0,1.2,-0.018768944183708402
Chrimson,gamma2,0,13.0,1.3,0.018056455173837693
Chrimson,gamma2,0,14.0,1.4,0.018473995581666115
Chrimson,gamma2,0,15.0,1.5,-0.00845250560224653
Chrimson,gamma2,0,16.0,1.6,0.021088825045973713
Chrimson,gamma2,0,17.0,1.7,-0.007620199141458876
Chrimson,gamma2,0,18.0,1.8,-0.10059992823090783
Chrimson,gamma2,0,19.0,1.9000000000000001,-0.051979821539045346
Chrimson,gamma2,0,20.0,2.0,-0.09265764382884234
Chrimson,gamma2,0,21.0,2.1,
Chrimson,gamma2,0,22.0,2.2,-0.09285069268849733
Chrimson,gamma2,0,23.0,2.3000000000000003,-0.10972801814335638
Chrimson,gamma2,0,24.0,2.4,-0.1087287879979331
Chrimson,gamma2,0,25.0,2.5,-0.07326374731129648
Chrimson,gamma2,0,26.0,2.6,-0.09100620909289639
Chrimson,gamma2,0,27.0,2.6999999999999997,-0.09987443443258792
Chrimson,gamma2,0,28.0,2.8,-0.10435501754649439
Chrimson,gamma2,0,29.0,2.9,-0.059699463962850086
Chrimson,gamma2,0,30.0,3.0,-0.056002173707040456
Chrimson,gamma2,0,31.0,3.1,-0.020909358965367126
Chrimson,gamma2,0,32.0,3.2,0.07822666357904047
Chrimson,gamma2,0,33.0,3.3000000000000003,0.13484523535907145
Chrimson,gamma2,0,34.0,3.4,0.21244995215538287
Chrimson,gamma2,0,35.0,3.5,0.15921100699862759
Chrimson,gamma2,0,36.0,3.6,0.13408413733992905
Chrimson,gamma2,0,37.0,3.6999999999999997,0.24848049884287673
Chrimson,gamma2,0,38.0,3.8,0.3217359519890949
Chrimson,gamma2,0,39.0,3.9,0.4184328542109168
Chrimson,gamma2,0,40.0,4.0,0.37851867309889226
Chrimson,gamma2,0,41.0,4.1000000000000005,0.2677530173348914
Chrimson,gamma2,0,42.0,4.2,0.24235264252532834
Chrimson,gamma2,0,43.0,4.2875,
Chrimson,gamma2,1,0.0,0.025000000000000005,0.00131421157799864
Chrimson,gamma2,1,1.0,0.09999999999999999,0.10410775305984021
Chrimson,gamma2,1,2.0,0.2,0.050992206505760015
Chrimson,gamma2,1,3.0,0.3,-0.04326295712823858
Chrimson,gamma2,1,4.0,0.4,-0.004390608850343392
Chrimson,gamma2,1,5.0,0.5,0.0689464100281536
Chrimson,gamma2,1,6.0,0.6,0.005973847165370838
Chrimson,gamma2,1,7.0,0.7000000000000001,-0.03599670243477918
Chrimson,gamma2,1,8.0,0.8,-0.008319037915459116
Chrimson,gamma2,1,9.0,0.9,0.018443825576498225
Chrimson,gamma2,1,10.0,1.0,-0.004991079170307278
Chrimson,gamma2,1,11.0,1.0999999999999999,-0.018192264103691163
Chrimson,gamma2,1,12.0,1.2,-0.02760703261218551
Chrimson,gamma2,1,13.0,1.3,0.012713985551491022
Chrimson,gamma2,1,14.0,1.4,0.10155857330947722
Chrimson,gamma2,1,15.0,1.5,-0.05287083463634579
Chrimson,gamma2,1,16.0,1.6,-0.10192792070038859
Chrimson,gamma2,1,17.0,1.7,-0.11503396068870779
Chrimson,gamma2,1,18.0,1.8,0.026501897646107154
Chrimson,gamma2,1,19.0,1.9000000000000001,0.0037104546388872692
Chrimson,gamma2,1,20.0,2.0,-0.010296995606748516
Chrimson,gamma2,1,21.0,2.1,
Chrimson,gamma2,1,22.0,2.2,0.715891511769264
Chrimson,gamma2,1,23.0,2.3000000000000003,0.7595559937802512
Chrimson,gamma2,1,24.0,2.4,0.5195863467796704
Chrimson,gamma2,1,25.0,2.5,0.3915494418174232
Chrimson,gamma2,1,26.0,2.6,0.2480553595577025
Chrimson,gamma2,1,27.0,2.6999999999999997,0.15166260615791707
Chrimson,gamma2,1,28.0,2.8,0.11602906228776125
Chrimson,gamma2,1,29.0,2.9,0.06182815858257259
Chrimson,gamma2,1,30.0,3.0,-0.05458908186647715
Chrimson,gamma2,1,31.0,3.1,-0.03572007731672078
Chrimson,gamma2,1,32.0,3.2,-0.057264769154907705
Chrimson,gamma2,1,33.0,3.3000000000000003,-0.14218727084411587
Chrimson,gamma2,1,34.0,3.4,-0.09814220905286997
Chrimson,gamma2,1,35.0,3.5,-0.05439491570080801
Chrimson,gamma2,1,36.0,3.6,0.06334096320910128
Chrimson,gamma2,1,37.0,3.6999999999999997,0.16534233492610775
Chrimson,gamma2,1,38.0,3.8,0.19292732122116124
Chrimson,gamma2,1,39.0,3.9,0.12477006362972339
Chrimson,gamma2,1,40.0,4.0,0.09783734879139128
Chrimson,gamma2,1,41.0,4.1000000000000005,0.13866122560916913
Chrimson,gamma2,1,42.0,4.2,0.1804210467754351
Chrimson,gamma2,1,43.0,4.2875,
Chrimson,gamma2,2,0.0,0.025000000000000005,-0.04075345528673594
Chrimson,gamma2,2,1.0,0.09999999999999999,-0.0934007366551471
Chrimson,gamma2,2,2.0,0.2,0.020586254166650296
Chrimson,gamma2,2,3.0,0.3,0.11582734558265884
Chrimson,gamma2,2,4.0,0.4,-0.020351493217452287
Chrimson,gamma2,2,5.0,0.5,-0.046727345243665765
Chrimson,gamma2,2,6.0,0.6,-0.06740557120998188
Chrimson,gamma2,2,7.0,0.7000000000000001,-0.0021981671981422535
Chrimson,gamma2,2,8.0,0.8,-0.035878031136905665
Chrimson,gamma2,2,9.0,0.9,0.017953890098229713
Chrimson,gamma2,2,10.0,1.0,0.07429499718714534
Chrimson,gamma2,2,11.0,1.0999999999999999,0.012727686835103095
Chrimson,gamma2,2,12.0,1.2,0.061686718451573565
Chrimson,gamma2,2,13.0,1.3,0.011929309517991168
Chrimson,gamma2,2,14.0,1.4,-0.011050777652772781
Chrimson,gamma2,2,15.0,1.5,-0.023120721968806213
Chrimson,gamma2,2,16.0,1.6,0.030759862264705416
Chrimson,gamma2,2,17.0,1.7,0.06413811699478211
Chrimson,gamma2,2,18.0,1.8,-0.0047793337370209965
Chrimson,gamma2,2,19.0,1.9000000000000001,-0.06609623240991835
Chrimson,gamma2,2,20.0,2.0,-0.04507609818938507
Chrimson,gamma2,2,21.0,2.1,
Chrimson,gamma2,2,22.0,2.2,0.16714653262038212
Chrimson,gamma2,2,23.0,2.3000000000000003,0.10226253478525194
Chrimson,gamma2,2,24.0,2.4,0.1063639131171585
Chrimson,gamma2,2,25.0,2.5,0.0007013364551151277
Chrimson,gamma2,2,26.0,2.6,0.07329284356433252
Chrimson,gamma2,2,27.0,2.6999999999999997,0.06858115012778931
Chrimson,gamma2,2,28.0,2.8,-0.045691228903236
Chrimson,gamma2,2,29.0,2.9,0.06847469981884109
Chrimson,gamma2,2,30.0,3.0,0.18227210770946384
Chrimson,gamma2,2,31.0,3.1,0.15960883693437902
Chrimson,gamma2,2,32.0,3.2,0.2967274798906335
Chrimson,gamma2,2,33.0,3.3000000000000003,0.27770531658781233
Chrimson,gamma2,2,34.0,3.4,0.2835763045794255
Chrimson,gamma2,2,35.0,3.5,0.31939328519688354
Chrimson,gamma2,2,36.0,3.6,0.33163709835086586
Chrimson,gamma2,2,37.0,3.6999999999999997,0.3290802633111752
Chrimson,gamma2,2,38.0,3.8,0.3426699125140034
Chrimson,gamma2,2,39.0,3.9,0.4946459771620364
Chrimson,gamma2,2,40.0,4.0,0.4751655706245046
Chrimson,gamma2,2,41.0,4.1000000000000005,0.6020467352973349
Chrimson,gamma2,2,42.0,4.2,0.40152172617539883
Chrimson,gamma2,2,43.0,4.2875,0.3754976670749477
Chrimson,gamma2,3,0.0,0.025000000000000005,0.09680628479383468
Chrimson,gamma2,3,1.0,0.09999999999999999,0.06426481119257721
Chrimson,gamma2,3,2.0,0.2,0.2449656336414822
Chrimson,gamma2,3,3.0,0.3,0.19583486032813738
Chrimson,gamma2,3,4.0,0.4,-0.05133504281662939
Chrimson,gamma2,3,5.0,0.5,0.059573657888305966
Chrimson,gamma2,3,6.0,0.6,0.11914022930053222
Chrimson,gamma2,3,7.0,0.7000000000000001,0.04708831950226822
Chrimson,gamma2,3,8.0,0.8,-0.06871765240722214
Chrimson,gamma2,3,9.0,0.9,-0.03633123653422906
Chrimson,gamma2,3,10.0,1.0,-0.11802263101333851
Chrimson,gamma2,3,11.0,1.0999999999999999,-0.17114323115057214
Chrimson,gamma2,3,12.0,1.2,-0.2732575681100693
Chrimson,gamma2,3,13.0,1.3,-0.15425019850345845
Chrimson,gamma2,3,14.0,1.4,0.014610295673593532
Chrimson,gamma2,3,15.0,1.5,-0.0028962099226342484
Chrimson,gamma2,3,16.0,1.6,0.04018017858201284
Chrimson,gamma2,3,17.0,1.7,0.06335999490900039
Chrimson,gamma2,3,18.0,1.8,-0.009443550656782752
Chrimson,gamma2,3,19.0,1.9000000000000001,-0.0197779792965083
Chrimson,gamma2,3,20.0,2.0,0.04090665970596352
Chrimson,gamma2,3,21.0,2.1,
Chrimson,gamma2,3,22.0,2.2,-0.22279472501492756
Chrimson,gamma2,3,23.0,2.3000000000000003,-0.2018563000626099
Chrimson,gamma2,3,24.0,2.4,-0.20028169446372118
Chrimson,gamma2,3,25.0,2.5,-0.058105020918479765
Chrimson,gamma2,3,26.0,2.6,0.14969298429012715
Chrimson,gamma2,3,27.0,2.6999999999999997,0.393390795737583
Chrimson,gamma2,3,28.0,2.8,0.2951378842870437
Chrimson,gamma2,3,29.0,2.9,0.4307529502853665
Chrimson,gamma2,3,30.0,3.0,0.5197106577737491
Chrimson,gamma2,3,31.0,3.1,0.523363337285334
Chrimson,gamma2,3,32.0,3.2,0.24273325288540404
Chrimson,gamma2,3,33.0,3.3000000000000003,0.17886486198055343
Chrimson,gamma2,3,34.0,3.4,0.14797984043039208
Chrimson,gamma2,3,35.0,3.5,0.16353554710153015
Chrimson,gamma2,3,36.0,3.6,0.530253081525965
Chrimson,gamma2,3,37.0,3.6999999999999997,0.7104275336721417
Chrimson,gamma2,3,38.0,3.8,0.649141435878678
Chrimson,gamma2,3,39.0,3.9,0.46072827480021394
Chrimson,gamma2,3,40.0,4.0,0.6730432280203203
Chrimson,gamma2,3,41.0,4.1000000000000005,0.7586981683524264
Chrimson,gamma2,3,42.0,4.2,0.832434312942444
Chrimson,gamma2,3,43.0,4.2875,0.8307352481742584
Chrimson,gamma2,4,0.0,0.025000000000000005,0.1145577281394113
Chrimson,gamma2,4,1.0,0.09999999999999999,0.007467965292092038
Chrimson,gamma2,4,2.0,0.2,-0.026200405289329674
Chrimson,gamma2,4,3.0,0.3,-0.16729555557808742
Chrimson,gamma2,4,4.0,0.4,-0.04290736430122331
Chrimson,gamma2,4,5.0,0.5,0.09730372027021243
Chrimson,gamma2,4,6.0,0.6,0.17388911179641126
Chrimson,gamma2,4,7.0,0.7000000000000001,0.15594127408789418
Chrimson,gamma2,4,8.0,0.8,0.21189331533335007
Chrimson,gamma2,4,9.0,0.9,0.0531052627258873
Chrimson,gamma2,4,10.0,1.0,0.04251047625117539
Chrimson,gamma2,4,11.0,1.0999999999999999,0.036326844551697844
Chrimson,gamma2,4,12.0,1.2,0.13657149561612555
Chrimson,gamma2,4,13.0,1.3,0.06536920003882003
Chrimson,gamma2,4,14.0,1.4,-0.07868088317730584
Chrimson,gamma2,4,15.0,1.5,-0.14023522618031925
Chrimson,gamma2,4,16.0,1.6,-0.10372249124021697
Chrimson,gamma2,4,17.0,1.7,-0.1954881264325025
Chrimson,gamma2,4,18.0,1.8,-0.25620427277507296
Chrimson,gamma2,4,19.0,1.9000000000000001,-0.15074165436651674
Chrimson,gamma2,4,20.0,2.0,0.04266039564234336
Chrimson,gamma2,4,21.0,2.1,
Chrimson,gamma2,4,22.0,2.2,0.3859142403142662
Chrimson,gamma2,4,23.0,2.3000000000000003,0.3716682769119795
Chrimson,gamma2,4,24.0,2.4,0.3984422868283869
Chrimson,gamma2,4,25.0,2.5,0.13911940101771392
Chrimson,gamma2,4,26.0,2.6,0.15430399017339988
Chrimson,gamma2,4,27.0,2.6999999999999997,0.08004971240101362
Chrimson,gamma2,4,28.0,2.8,0.22559754103228596
Chrimson,gamma2,4,29.0,2.9,0.3682643100593743
Chrimson,gamma2,4,30.0,3.0,0.42063904770043975
Chrimson,gamma2,4,31.0,3.1,0.6674440264727232
Chrimson,gamma2,4,32.0,3.2,0.8262064889747691
Chrimson,gamma2,4,33.0,3.3000000000000003,0.7181776175418729
Chrimson,gamma2,4,34.0,3.4,0.6204055500593163
Chrimson,gamma2,4,35.0,3.5,0.6589968775243075
Chrimson,gamma2,4,36.0,3.6,0.6515771954499832
Chrimson,gamma2,4,37.0,3.6999999999999997,0.6073290061913575
Chrimson,gamma2,4,38.0,3.8,0.5171002258206098
Chrimson,gamma2,4,39.0,3.9,0.6415618075884807
Chrimson,gamma2,4,40.0,4.0,0.6132615651584441
Chrimson,gamma2,4,41.0,4.1000000000000005,0.38026993215725097
Chrimson,gamma2,4,42.0,4.2,0.3124971935379676
Chrimson,gamma2,4,43.0,4.2875,0.08201242520326057
Chrimson,gamma2,5,0.0,0.025000000000000005,-0.05831899561232353
Chrimson,gamma2,5,1.0,0.09999999999999999,-0.11736289467802341
Chrimson,gamma2,5,2.0,0.2,-0.05487175655355525
Chrimson,gamma2,5,3.0,0.3,0.11110948321204688
Chrimson,gamma2,5,4.0,0.4,0.10658131917451855
Chrimson,gamma2,5,5.0,0.5,-0.006711339472791715
Chrimson,gamma2,5,6.0,0.6,-0.07171660491231553
Chrimson,gamma2,5,7.0,0.7000000000000001,0.03828704646528591
Chrimson,gamma2,5,8.0,0.8,0.1275382405699471
Chrimson,gamma2,5,9.0,0.9,0.02782291127933841
Chrimson,gamma2,5,10.0,1.0,-0.009957370207200422
Chrimson,gamma2,5,11.0,1.0999999999999999,-0.03436283298064883
Chrimson,gamma2,5,12.0,1.2,-0.08053851552209886
Chrimson,gamma2,5,13.0,1.3,-0.14241300548097333
Chrimson,gamma2,5,14.0,1.4,-0.1003565587320749
Chrimson,gamma2,5,15.0,1.5,-0.17224588373512317
Chrimson,gamma2,5,16.0,1.6,0.013148377953232848
Chrimson,gamma2,5,17.0,1.7,0.2148652579804904
Chrimson,gamma2,5,18.0,1.8,0.15720377080027698
Chrimson,gamma2,5,19.0,1.9000000000000001,0.030863826731632977
Chrimson,gamma2,5,20.0,2.0,-0.05487761699018712
Chrimson,gamma2,5,21.0,2.1,
Chrimson,gamma2,5,22.0,2.2,0.13895958040576048
Chrimson,gamma2,5,23.0,2.3000000000000003,0.11979269682154348
Chrimson,gamma2,5,24.0,2.4,0.21217075944909952
Chrimson,gamma2,5,25.0,2.5,0.1443121125294998
Chrimson,gamma2,5,26.0,2.6,0.10551276622864796
Chrimson,gamma2,5,27.0,2.6999999999999997,0.2123062006512574
Chrimson,gamma2,5,28.0,2.8,0.20254206206300082
Chrimson,gamma2,5,29.0,2.9,0.1742654553144151
Chrimson,gamma2,5,30.0,3.0,0.1666879107494572
Chrimson,gamma2,5,31.0,3.1,0.20276671213388772
Chrimson,gamma2,5,32.0,3.2,0.15755735047706412
Chrimson,gamma2,5,33.0,3.3000000000000003,0.1826296007072897
Chrimson,gamma2,5,34.0,3.4,0.3248513280481964
Chrimson,gamma2,5,35.0,3.5,0.41481033266605766
Chrimson,gamma2,5,36.0,3.6,0.6927500050057899
Chrimson,gamma2,5,37.0,3.6999999999999997,0.9625951120377115
Chrimson,gamma2,5,38.0,3.8,0.6198696150523363
Chrimson,gamma2,5,39.0,3.9,0.6538835892634849
Chrimson,gamma2,5,40.0,4.0,0.7423351593477141
Chrimson,gamma2,5,41.0,4.1000000000000005,0.5725635194005688
Chrimson,gamma2,5,42.0,4.2,0.4790511367049405
Chrimson,gamma2,5,43.0,4.2875,0.5059759360704503
Chrimson,gamma2,6,0.0,0.025000000000000005,0.007165065439989515
Chrimson,gamma2,6,1.0,0.09999999999999999,0.031174265717796024
Chrimson,gamma2,6,2.0,0.2,-0.08882399575353428
Chrimson,gamma2,6,3.0,0.3,-0.04773981824418738
Chrimson,gamma2,6,4.0,0.4,-0.027387495662380835
Chrimson,gamma2,6,5.0,0.5,0.0541292094796757
Chrimson,gamma2,6,6.0,0.6,0.010453550104386334
Chrimson,gamma2,6,7.0,0.7000000000000001,0.020305477787561126
Chrimson,gamma2,6,8.0,0.8,0.0479079025377646
Chrimson,gamma2,6,9.0,0.9,0.056814579850432846
Chrimson,gamma2,6,10.0,1.0,0.08200136476489736
Chrimson,gamma2,6,11.0,1.0999999999999999,-0.02545323333014064
Chrimson,gamma2,6,12.0,1.2,-0.010993607923394122
Chrimson,gamma2,6,13.0,1.3,0.011409939789023457
Chrimson,gamma2,6,14.0,1.4,0.04426534681707528
Chrimson,gamma2,6,15.0,1.5,-0.0038509205698275353
Chrimson,gamma2,6,16.0,1.6,-0.06790675081224991
Chrimson,gamma2,6,17.0,1.7,-0.03159974773431817
Chrimson,gamma2,6,18.0,1.8,0.013785796360010339
Chrimson,gamma2,6,19.0,1.9000000000000001,-0.034627254181942124
Chrimson,gamma2,6,20.0,2.0,-0.06484662208752928
Chrimson,gamma2,6,21.0,2.1,
Chrimson,gamma2,6,22.0,2.2,-0.05437964513128916
Chrimson,gamma2,6,23.0,2.3000000000000003,-0.048766226474787976
Chrimson,gamma2,6,24.0,2.4,-0.0262966385428822
Chrimson,gamma2,6,25.0,2.5,-0.021860804523038884
Chrimson,gamma2,6,26.0,2.6,0.044358439656594896
Chrimson,gamma2,6,27.0,2.6999999999999997,0.10032553650964908
Chrimson,gamma2,6,28.0,2.8,0.1520238890548183
Chrimson,gamma2,6,29.0,2.9,0.18799989537001371
Chrimson,gamma2,6,30.0,3.0,0.2137277326851049
Chrimson,gamma2,6,31.0,3.1,0.21905073350891682
Chrimson,gamma2,6,32.0,3.2,0.18286148889465084
Chrimson,gamma2,6,33.0,3.3000000000000003,0.30055868633272803
Chrimson,gamma2,6,34.0,3.4,0.27590420150064465
Chrimson,gamma2,6,35.0,3.5,0.22814518783121432
Chrimson,gamma2,6,36.0,3.6,0.347213316572644
Chrimson,gamma2,6,37.0,3.6999999999999997,0.34923748908322355
Chrimson,gamma2,6,38.0,3.8,0.3686437656292286
Chrimson,gamma2,6,39.0,3.9,0.30739345121711437
Chrimson,gamma2,6,40.0,4.0,0.4014172191318914
Chrimson,gamma2,6,41.0,4.1000000000000005,0.4379143862153376
Chrimson,gamma2,6,42.0,4.2,0.38686847921210044
Chrimson,gamma2,6,43.0,4.2875,
Chrimson,gamma2,7,0.0,0.025000000000000005,-0.005059025173290932
Chrimson,gamma2,7,1.0,0.09999999999999999,0.001022420576055394
Chrimson,gamma2,7,2.0,0.2,-0.007671527903483533
Chrimson,gamma2,7,3.0,0.3,-0.013993558319837026
Chrimson,gamma2,7,4.0,0.4,-0.002227528707745785
Chrimson,gamma2,7,5.0,0.5,-0.07019166899765157
Chrimson,gamma2,7,6.0,0.6,0.018253012175936355
Chrimson,gamma2,7,7.0,0.7000000000000001,0.047550878291468944
Chrimson,gamma2,7,8.0,0.8,0.0059616032269193655
Chrimson,gamma2,7,9.0,0.9,0.01729272978711312
Chrimson,gamma2,7,10.0,1.0,-0.03976490559847037
Chrimson,gamma2,7,11.0,1.0999999999999999,0.0035053777163210897
Chrimson,gamma2,7,12.0,1.2,0.0012609489638573557
Chrimson,gamma2,7,13.0,1.3,-0.025930259105958992
Chrimson,gamma2,7,14.0,1.4,-0.016600920352016636
Chrimson,gamma2,7,15.0,1.5,0.029142038707014522
Chrimson,gamma2,7,16.0,1.6,0.048600608825717775
Chrimson,gamma2,7,17.0,1.7,0.001192063610483518
Chrimson,gamma2,7,18.0,1.8,-0.009145880093604019
Chrimson,gamma2,7,19.0,1.9000000000000001,0.00919613041668151
Chrimson,gamma2,7,20.0,2.0,0.012745782394638971
Chrimson,gamma2,7,21.0,2.1,
Chrimson,gamma2,7,22.0,2.2,0.20415710255866082
Chrimson,gamma2,7,23.0,2.3000000000000003,0.22950588446062792
Chrimson,gamma2,7,24.0,2.4,0.26117566863934577
Chrimson,gamma2,7,25.0,2.5,0.32928683289242255
Chrimson,gamma2,7,26.0,2.6,0.23286687282150917
Chrimson,gamma2,7,27.0,2.6999999999999997,0.2541812349228955
Chrimson,gamma2,7,28.0,2.8,0.2516324768480638
Chrimson,gamma2,7,29.0,2.9,0.24121125383616607
Chrimson,gamma2,7,30.0,3.0,0.19301309740613917
Chrimson,gamma2,7,31.0,3.1,0.14557884870083995
Chrimson,gamma2,7,32.0,3.2,0.14498869656895078
Chrimson,gamma2,7,33.0,3.3000000000000003,0.05008010171385132
Chrimson,gamma2,7,34.0,3.4,0.04540206652204633
Chrimson,gamma2,7,35.0,3.5,0.05503059390034378
Chrimson,gamma2,7,36.0,3.6,0.051046552940290014
Chrimson,gamma2,7,37.0,3.6999999999999997,0.021600634721984074
Chrimson,gamma2,7,38.0,3.8,0.04919898607442783
Chrimson,gamma2,7,39.0,3.9,0.05693265216514354
Chrimson,gamma2,7,40.0,4.0,0.0946417283695015
Chrimson,gamma2,7,41.0,4.1000000000000005,0.10915186258091736
Chrimson,gamma2,7,42.0,4.2,0.11572681533950915
Chrimson,gamma2,7,43.0,4.2875,0.04621943750610891
